5 101
5 101
5 101
5 101
5 101
5 101
5 101
5 101
5 101
5 101
5 101
5 101
5 101
5 101
5 101
5 101
5 101
5 101
5 101
5 101
5 101
5 101
5 101
5 101
5 101
5 101
5 101
5 101
5 101
5 101
5 101
5 101
5 110
5 110
5 110
5 110
5 110
5 110
5 110
5 110
5 110
5 110
5 110
5 110
5 110
5 110
5 110
5 110
5 110
5 110
5 110
5 110
5 110
5 110
5 110
5 110
5 110
5 110
5 110
5 110
5 110
5 110
5 110
5 110
5 011
5 011
5 011
5 011
5 011
5 011
5 011
5 011
5 011
5 011
5 011
5 011
5 011
5 011
5 011
5 011
5 011
5 011
5 011
5 011
5 011
5 011
5 011
5 011
5 011
5 011
5 011
5 011
5 011
5 011
5 011
5 011
